0 0 1 28 -42 3 3 2 1 -1 -1
1 0 1 13 6 3 3 2 1 -1 -1
2 0 1 -8 27 3 3 2 1 -1 -1
3 0 1 48 37 3 3 2 1 -1 -1
4 0 1 12 3 3 3 2 1 -1 -1
5 0 1 29 -2 3 3 2 1 -1 -1
6 0 1 20 -4 3 3 2 1 -1 -1
7 0 1 10 -21 3 3 2 1 -1 -1
8 0 1 -33 -41 3 3 2 1 -1 -1
9 0 1 18 -44 3 3 2 1 -1 -1
10 0 1 -16 14 3 3 2 1 -1 -1
11 0 1 20 25 3 3 2 1 -1 -1
12 0 1 -39 -41 3 3 2 1 -1 -1
13 0 1 -48 48 3 3 2 1 -1 -1
14 0 1 -4 35 3 3 2 1 -1 -1
15 0 1 48 27 3 3 2 1 -1 -1
16 0 1 -42 35 3 3 2 1 -1 -1
17 0 1 -17 46 3 3 2 1 -1 -1
18 0 1 -10 -28 3 3 2 1 -1 -1
19 0 1 -23 -25 3 3 2 1 -1 -1
20 0 1 19 -24 3 3 2 1 -1 -1
21 0 1 -47 20 3 3 2 1 -1 -1
22 0 1 35 47 3 3 2 1 -1 -1
23 0 1 -13 41 3 3 2 1 -1 -1
24 0 1 21 32 3 3 2 1 -1 -1
25 0 1 -12 -21 3 3 2 1 -1 -1
26 0 1 -37 34 3 3 2 1 -1 -1
27 0 1 16 14 3 3 2 1 -1 -1
28 0 1 -10 3 3 3 2 1 -1 -1
29 0 1 -24 20 3 3 2 1 -1 -1
30 0 1 -41 30 3 3 2 1 -1 -1
31 0 1 8 45 3 3 2 1 -1 -1
32 0 1 40 -2 3 3 2 1 -1 -1
33 0 1 7 -41 3 3 2 1 -1 -1
34 0 1 8 -11 3 3 2 1 -1 -1
35 0 1 -5 9 3 3 2 1 -1 -1
36 0 1 1 49 3 3 2 1 -1 -1
37 0 1 42 12 3 3 2 1 -1 -1
38 0 1 29 35 3 3 2 1 -1 -1
39 0 1 -11 6 3 3 2 1 -1 -1
40 0 1 35 33 3 3 2 1 -1 -1
41 0 1 19 31 3 3 2 1 -1 -1
42 0 1 25 -30 3 3 2 1 -1 -1
43 0 1 31 -44 3 3 2 1 -1 -1
44 0 1 -5 -49 3 3 2 1 -1 -1
45 0 1 9 2 3 3 2 1 -1 -1
46 0 1 1 20 3 3 2 1 -1 -1
47 0 1 -33 47 3 3 2 1 -1 -1
48 0 1 1 -7 3 3 2 1 -1 -1
49 0 1 -5 28 3 3 2 1 -1 -1
50 0 1 -48 37 3 3 2 1 -1 -1
51 0 1 37 5 3 3 2 1 -1 -1
52 0 1 15 21 3 3 2 1 -1 -1
53 0 1 -1 -14 3 3 2 1 -1 -1
54 0 1 19 -43 3 3 2 1 -1 -1
55 0 1 9 -41 3 3 2 1 -1 -1
56 0 1 -18 -35 3 3 2 1 -1 -1
57 0 1 25 -7 3 3 2 1 -1 -1
58 0 1 10 9 3 3 2 1 -1 -1
59 0 1 -44 -41 3 3 2 1 -1 -1
60 0 1 -14 26 3 3 2 1 -1 -1
61 0 1 27 -22 3 3 2 1 -1 -1
62 0 1 -26 -19 3 3 2 1 -1 -1
63 0 1 1 11 3 3 2 1 -1 -1
64 0 1 46 -30 3 3 2 1 -1 -1
65 0 1 -19 -5 3 3 2 1 -1 -1
66 0 1 -26 17 3 3 2 1 -1 -1
67 0 1 -16 -19 3 3 2 1 -1 -1
68 0 1 -36 -33 3 3 2 1 -1 -1
69 0 1 -13 4 3 3 2 1 -1 -1
70 0 1 42 47 3 3 2 1 -1 -1
71 0 1 36 -44 3 3 2 1 -1 -1
72 0 1 -45 13 3 3 2 1 -1 -1
73 0 1 1 -34 3 3 2 1 -1 -1
74 0 1 1 23 3 3 2 1 -1 -1
75 0 1 -19 37 3 3 2 1 -1 -1
76 0 1 -3 -6 3 3 2 1 -1 -1
77 0 1 -8 36 3 3 2 1 -1 -1
78 0 1 -43 2 3 3 2 1 -1 -1
79 0 1 29 31 3 3 2 1 -1 -1
80 0 1 22 -32 3 3 2 1 -1 -1
81 0 1 -42 42 3 3 2 1 -1 -1
82 0 1 47 3 3 3 2 1 -1 -1
83 0 1 18 -11 3 3 2 1 -1 -1
84 0 1 27 21 3 3 2 1 -1 -1
85 0 1 -17 -14 3 3 2 1 -1 -1
86 0 1 5 -10 3 3 2 1 -1 -1
87 0 1 -36 43 3 3 2 1 -1 -1
88 0 1 -24 -2 3 3 2 1 -1 -1
89 0 1 -2 -45 3 3 2 1 -1 -1
90 0 1 -10 21 3 3 2 1 -1 -1
91 0 1 -35 1 3 3 2 1 -1 -1
92 0 1 18 -28 3 3 2 1 -1 -1
93 0 1 -1 -10 3 3 2 1 -1 -1
94 0 1 31 41 3 3 2 1 -1 -1
95 0 1 -34 -36 3 3 2 1 -1 -1
96 0 1 5 23 3 3 2 1 -1 -1
97 0 1 -7 43 3 3 2 1 -1 -1
98 0 1 -48 -48 3 3 2 1 -1 -1
99 0 1 -21 -33 3 3 2 1 -1 -1
100 0 1 9 37 3 3 2 1 -1 -1
101 0 1 34 -29 3 3 2 1 -1 -1
102 0 1 21 22 3 3 2 1 -1 -1
103 0 1 8 22 3 3 2 1 -1 -1
104 0 1 -24 -30 3 3 2 1 -1 -1
105 0 1 8 41 3 3 2 1 -1 -1
106 0 1 -29 12 3 3 2 1 -1 -1
107 0 1 10 46 3 3 2 1 -1 -1
108 0 1 31 -40 3 3 2 1 -1 -1
109 0 1 15 6 3 3 2 1 -1 -1
110 0 1 29 18 3 3 2 1 -1 -1
111 0 1 -23 -39 3 3 2 1 -1 -1
112 0 1 39 -43 3 3 2 1 -1 -1
113 0 1 48 -29 3 3 2 1 -1 -1
114 0 1 35 -45 3 3 2 1 -1 -1
115 0 1 47 -49 3 3 2 1 -1 -1
116 0 1 -37 -36 3 3 2 1 -1 -1
117 0 1 48 -2 3 3 2 1 -1 -1
118 0 1 -49 21 3 3 2 1 -1 -1
119 0 1 26 -6 3 3 2 1 -1 -1
120 0 1 -13 20 3 3 2 1 -1 -1
121 0 1 -22 16 3 3 2 1 -1 -1
122 0 1 13 2 3 3 2 1 -1 -1
123 0 1 -23 -14 3 3 2 1 -1 -1
124 0 1 48 16 3 3 2 1 -1 -1
125 0 1 3 3 3 3 2 1 -1 -1
126 0 1 23 -16 3 3 2 1 -1 -1
127 0 1 -35 29 3 3 2 1 -1 -1
128 0 1 5 27 3 3 2 1 -1 -1
129 0 1 38 33 3 3 2 1 -1 -1
130 0 1 23 7 3 3 2 1 -1 -1
131 0 1 46 19 3 3 2 1 -1 -1
132 0 1 8 47 3 3 2 1 -1 -1
133 0 1 -33 -40 3 3 2 1 -1 -1
134 0 1 -17 19 3 3 2 1 -1 -1
135 0 1 29 6 3 3 2 1 -1 -1
136 0 1 41 2 3 3 2 1 -1 -1
137 0 1 -4 41 3 3 2 1 -1 -1
138 0 1 14 -22 3 3 2 1 -1 -1
139 0 1 -23 -34 3 3 2 1 -1 -1
140 0 1 -45 -1 3 3 2 1 -1 -1
141 0 1 21 -49 3 3 2 1 -1 -1
142 0 1 -26 -32 3 3 2 1 -1 -1
143 0 1 -19 11 3 3 2 1 -1 -1
144 0 1 24 21 3 3 2 1 -1 -1
145 0 1 -16 26 3 3 2 1 -1 -1
146 0 1 14 29 3 3 2 1 -1 -1
147 0 1 10 4 3 3 2 1 -1 -1
148 0 1 -36 5 3 3 2 1 -1 -1
149 0 1 24 17 3 3 2 1 -1 -1
150 0 1 29 45 3 3 2 1 -1 -1
151 0 1 19 44 3 3 2 1 -1 -1
152 0 1 -24 -38 3 3 2 1 -1 -1
153 0 1 -17 27 3 3 2 1 -1 -1
154 0 1 39 -21 3 3 2 1 -1 -1
155 0 1 5 -29 3 3 2 1 -1 -1
156 0 1 -25 -8 3 3 2 1 -1 -1
157 0 1 35 27 3 3 2 1 -1 -1
158 0 1 -26 -14 3 3 2 1 -1 -1
159 0 1 21 -15 3 3 2 1 -1 -1
160 0 1 41 15 3 3 2 1 -1 -1
161 0 1 15 -25 3 3 2 1 -1 -1
162 0 1 4 -49 3 3 2 1 -1 -1
163 0 1 -12 36 3 3 2 1 -1 -1
164 0 1 -38 14 3 3 2 1 -1 -1
165 0 1 -45 32 3 3 2 1 -1 -1
166 0 1 -38 29 3 3 2 1 -1 -1
167 0 1 14 39 3 3 2 1 -1 -1
168 0 1 -12 28 3 3 2 1 -1 -1
169 0 1 -48 31 3 3 2 1 -1 -1
170 0 1 7 -3 3 3 2 1 -1 -1
171 0 1 -28 -27 3 3 2 1 -1 -1
172 0 1 34 21 3 3 2 1 -1 -1
173 0 1 -11 -43 3 3 2 1 -1 -1
174 0 1 25 15 3 3 2 1 -1 -1
175 0 1 -10 43 3 3 2 1 -1 -1
176 0 1 -9 44 3 3 2 1 -1 -1
177 0 1 -30 17 3 3 2 1 -1 -1
178 0 1 -12 3 3 3 2 1 -1 -1
179 0 1 2 -32 3 3 2 1 -1 -1
180 0 1 -27 41 3 3 2 1 -1 -1
181 0 1 -13 -32 3 3 2 1 -1 -1
182 0 1 -5 -47 3 3 2 1 -1 -1
183 0 1 31 -33 3 3 2 1 -1 -1
184 0 1 6 -4 3 3 2 1 -1 -1
185 0 1 -17 43 3 3 2 1 -1 -1
186 0 1 -33 -39 3 3 2 1 -1 -1
187 0 1 48 19 3 3 2 1 -1 -1
188 0 1 -19 19 3 3 2 1 -1 -1
189 0 1 -26 -40 3 3 2 1 -1 -1
190 0 1 -31 48 3 3 2 1 -1 -1
191 0 1 48 -18 3 3 2 1 -1 -1
192 0 1 -27 -4 3 3 2 1 -1 -1
193 0 1 -42 25 3 3 2 1 -1 -1
194 0 1 45 48 3 3 2 1 -1 -1
195 0 1 18 42 3 3 2 1 -1 -1
196 0 1 46 0 3 3 2 1 -1 -1
197 0 1 29 32 3 3 2 1 -1 -1
198 0 1 24 -35 3 3 2 1 -1 -1
199 0 1 34 43 3 3 2 1 -1 -1
200 0 1 14 47 3 3 2 1 -1 -1
201 0 1 -17 -10 3 3 2 1 -1 -1
202 0 1 -7 35 3 3 2 1 -1 -1
203 0 1 21 28 3 3 2 1 -1 -1
204 0 1 5 -24 3 3 2 1 -1 -1
205 0 1 -30 -15 3 3 2 1 -1 -1
206 0 1 -26 12 3 3 2 1 -1 -1
207 0 1 31 -34 3 3 2 1 -1 -1
208 0 1 34 1 3 3 2 1 -1 -1
209 0 1 -37 -46 3 3 2 1 -1 -1
210 0 1 -30 -17 3 3 2 1 -1 -1
211 0 1 2 -39 3 3 2 1 -1 -1
212 0 1 22 34 3 3 2 1 -1 -1
213 0 1 -40 16 3 3 2 1 -1 -1
214 0 1 -31 40 3 3 2 1 -1 -1
215 0 1 -6 -31 3 3 2 1 -1 -1
216 0 1 -49 7 3 3 2 1 -1 -1
217 0 1 9 32 3 3 2 1 -1 -1
218 0 1 45 -36 3 3 2 1 -1 -1
219 0 1 -48 49 3 3 2 1 -1 -1
220 0 1 44 12 3 3 2 1 -1 -1
221 0 1 36 11 3 3 2 1 -1 -1
222 0 1 -8 -6 3 3 2 1 -1 -1
223 0 1 29 -18 3 3 2 1 -1 -1
224 0 1 -8 -39 3 3 2 1 -1 -1
225 0 1 -31 -10 3 3 2 1 -1 -1
226 0 1 21 4 3 3 2 1 -1 -1
227 0 1 -14 -19 3 3 2 1 -1 -1
228 0 1 42 -14 3 3 2 1 -1 -1
229 0 1 7 18 3 3 2 1 -1 -1
230 0 1 -22 -49 3 3 2 1 -1 -1
231 0 1 -49 43 3 3 2 1 -1 -1
232 0 1 44 0 3 3 2 1 -1 -1
233 0 1 24 48 3 3 2 1 -1 -1
234 0 1 27 20 3 3 2 1 -1 -1
235 0 1 -23 -4 3 3 2 1 -1 -1
236 0 1 -38 35 3 3 2 1 -1 -1
237 0 1 -3 -1 3 3 2 1 -1 -1
238 0 1 30 17 3 3 2 1 -1 -1
239 0 1 -5 -43 3 3 2 1 -1 -1
240 0 1 35 -24 3 3 2 1 -1 -1
241 0 1 6 -31 3 3 2 1 -1 -1
242 0 1 25 36 3 3 2 1 -1 -1
243 0 1 -17 -36 3 3 2 1 -1 -1
244 0 1 -21 -16 3 3 2 1 -1 -1
245 0 1 24 -25 3 3 2 1 -1 -1
246 0 1 38 -19 3 3 2 1 -1 -1
247 0 1 -39 -14 3 3 2 1 -1 -1
248 0 1 -39 12 3 3 2 1 -1 -1
249 0 1 -21 -20 3 3 2 1 -1 -1
250 0 1 8 30 3 3 2 1 -1 -1
251 0 1 -30 -45 3 3 2 1 -1 -1
252 0 1 43 3 3 3 2 1 -1 -1
253 0 1 19 45 3 3 2 1 -1 -1
254 0 1 33 31 3 3 2 1 -1 -1
255 0 1 -35 6 3 3 2 1 -1 -1
256 0 1 -23 -8 3 3 2 1 -1 -1
257 0 1 -19 -45 3 3 2 1 -1 -1
258 0 1 23 14 3 3 2 1 -1 -1
259 0 1 17 -21 3 3 2 1 -1 -1
260 0 1 -19 33 3 3 2 1 -1 -1
261 0 1 -2 41 3 3 2 1 -1 -1
262 0 1 7 -22 3 3 2 1 -1 -1
263 0 1 -3 4 3 3 2 1 -1 -1
264 0 1 -11 -20 3 3 2 1 -1 -1
265 0 1 -24 34 3 3 2 1 -1 -1
266 0 1 -28 -14 3 3 2 1 -1 -1
267 0 1 -42 40 3 3 2 1 -1 -1
268 0 1 -32 -5 3 3 2 1 -1 -1
269 0 1 12 13 3 3 2 1 -1 -1
270 0 1 16 12 3 3 2 1 -1 -1
271 0 1 -20 14 3 3 2 1 -1 -1
272 0 1 10 -32 3 3 2 1 -1 -1
273 0 1 36 21 3 3 2 1 -1 -1
274 0 1 -42 -13 3 3 2 1 -1 -1
275 0 1 3 23 3 3 2 1 -1 -1
276 0 1 -47 -46 3 3 2 1 -1 -1
277 0 1 -31 -37 3 3 2 1 -1 -1
278 0 1 -22 -13 3 3 2 1 -1 -1
279 0 1 -32 2 3 3 2 1 -1 -1
280 0 1 2 -3 3 3 2 1 -1 -1
281 0 1 -22 19 3 3 2 1 -1 -1
282 0 1 -27 -6 3 3 2 1 -1 -1
283 0 1 -15 32 3 3 2 1 -1 -1
284 0 1 48 5 3 3 2 1 -1 -1
285 0 1 -3 -5 3 3 2 1 -1 -1
286 0 1 -22 7 3 3 2 1 -1 -1
287 0 1 42 24 3 3 2 1 -1 -1
288 0 1 -3 23 3 3 2 1 -1 -1
289 0 1 -8 47 3 3 2 1 -1 -1
290 0 1 -17 -15 3 3 2 1 -1 -1
291 0 1 11 -28 3 3 2 1 -1 -1
292 0 1 13 46 3 3 2 1 -1 -1
293 0 1 8 1 3 3 2 1 -1 -1
294 0 1 -37 32 3 3 2 1 -1 -1
295 0 1 25 -40 3 3 2 1 -1 -1
296 0 1 -3 2 3 3 2 1 -1 -1
297 0 1 28 -21 3 3 2 1 -1 -1
298 0 1 -9 -10 3 3 2 1 -1 -1
299 0 1 -29 37 3 3 2 1 -1 -1
300 1 1 -12 -48 1 1 1 1 -1 -1
301 1 1 5 43 1 1 1 1 -1 -1
302 1 1 45 -43 1 1 1 1 -1 -1
303 1 1 37 -24 1 1 1 1 -1 -1
304 1 1 21 46 1 1 1 1 -1 -1
305 1 1 -29 -47 1 1 1 1 -1 -1
306 1 1 -8 -30 1 1 1 1 -1 -1
307 1 1 -13 -15 1 1 1 1 -1 -1
308 1 1 -7 24 1 1 1 1 -1 -1
309 1 1 -6 21 1 1 1 1 -1 -1
310 1 1 47 32 1 1 1 1 -1 -1
311 1 1 33 23 1 1 1 1 -1 -1
312 1 1 -39 0 1 1 1 1 -1 -1
313 1 1 21 9 1 1 1 1 -1 -1
314 1 1 -5 -9 1 1 1 1 -1 -1
315 1 1 24 44 1 1 1 1 -1 -1
316 1 1 -15 40 1 1 1 1 -1 -1
317 1 1 -35 -46 1 1 1 1 -1 -1
318 1 1 31 27 1 1 1 1 -1 -1
319 1 1 -15 15 1 1 1 1 -1 -1
320 1 1 -39 -47 1 1 1 1 -1 -1
321 1 1 35 -41 1 1 1 1 -1 -1
322 1 1 40 -40 1 1 1 1 -1 -1
323 1 1 9 -30 1 1 1 1 -1 -1
324 1 1 19 35 1 1 1 1 -1 -1
325 1 1 -39 -43 1 1 1 1 -1 -1
326 1 1 40 -38 1 1 1 1 -1 -1
327 1 1 -28 11 1 1 1 1 -1 -1
328 1 1 46 -1 1 1 1 1 -1 -1
329 1 1 32 -9 1 1 1 1 -1 -1
330 1 1 32 22 1 1 1 1 -1 -1
331 1 1 45 26 1 1 1 1 -1 -1
332 1 1 -2 -24 1 1 1 1 -1 -1
333 1 1 36 -49 1 1 1 1 -1 -1
334 1 1 -4 3 1 1 1 1 -1 -1
335 1 1 41 -13 1 1 1 1 -1 -1
336 1 1 6 37 1 1 1 1 -1 -1
337 1 1 30 -35 1 1 1 1 -1 -1
338 1 1 9 4 1 1 1 1 -1 -1
339 1 1 -43 6 1 1 1 1 -1 -1
340 1 1 -2 48 1 1 1 1 -1 -1
341 1 1 -47 -17 1 1 1 1 -1 -1
342 1 1 -41 13 1 1 1 1 -1 -1
343 1 1 0 10 1 1 1 1 -1 -1
344 1 1 -11 -25 1 1 1 1 -1 -1
345 1 1 15 -41 1 1 1 1 -1 -1
346 1 1 43 20 1 1 1 1 -1 -1
347 1 1 31 -19 1 1 1 1 -1 -1
348 1 1 9 -6 1 1 1 1 -1 -1
349 1 1 7 27 1 1 1 1 -1 -1
350 1 1 36 4 1 1 1 1 -1 -1
351 1 1 -33 -35 1 1 1 1 -1 -1
352 1 1 -46 -19 1 1 1 1 -1 -1
353 1 1 36 -10 1 1 1 1 -1 -1
354 1 1 33 37 1 1 1 1 -1 -1
355 1 1 21 -32 1 1 1 1 -1 -1
356 1 1 -49 -5 1 1 1 1 -1 -1
357 1 1 -30 47 1 1 1 1 -1 -1
358 1 1 -35 -11 1 1 1 1 -1 -1
359 1 1 -43 -39 1 1 1 1 -1 -1
360 1 1 32 -20 1 1 1 1 -1 -1
361 1 1 -41 -32 1 1 1 1 -1 -1
362 1 1 14 -27 1 1 1 1 -1 -1
363 1 1 -17 -32 1 1 1 1 -1 -1
364 1 1 -33 -7 1 1 1 1 -1 -1
365 1 1 3 -2 1 1 1 1 -1 -1
366 1 1 -34 24 1 1 1 1 -1 -1
367 1 1 43 25 1 1 1 1 -1 -1
368 1 1 -15 36 1 1 1 1 -1 -1
369 1 1 -32 -31 1 1 1 1 -1 -1
370 1 1 -29 -30 1 1 1 1 -1 -1
371 1 1 2 -25 1 1 1 1 -1 -1
372 1 1 28 16 1 1 1 1 -1 -1
373 1 1 39 7 1 1 1 1 -1 -1
374 1 1 41 -1 1 1 1 1 -1 -1
375 1 1 7 39 1 1 1 1 -1 -1
376 1 1 22 -39 1 1 1 1 -1 -1
377 1 1 13 -11 1 1 1 1 -1 -1
378 1 1 17 -17 1 1 1 1 -1 -1
379 1 1 -20 -21 1 1 1 1 -1 -1
380 1 1 4 -48 1 1 1 1 -1 -1
381 1 1 -39 26 1 1 1 1 -1 -1
382 1 1 -7 8 1 1 1 1 -1 -1
383 1 1 -43 -4 1 1 1 1 -1 -1
384 1 1 -11 1 1 1 1 1 -1 -1
385 1 1 20 -13 1 1 1 1 -1 -1
386 1 1 -19 22 1 1 1 1 -1 -1
387 1 1 -26 -23 1 1 1 1 -1 -1
388 1 1 26 27 1 1 1 1 -1 -1
389 1 1 17 35 1 1 1 1 -1 -1
390 1 1 32 19 1 1 1 1 -1 -1
391 1 1 -9 34 1 1 1 1 -1 -1
392 1 1 -16 -1 1 1 1 1 -1 -1
393 1 1 -14 -2 1 1 1 1 -1 -1
394 1 1 16 -40 1 1 1 1 -1 -1
395 1 1 -45 -13 1 1 1 1 -1 -1
396 1 1 -31 24 1 1 1 1 -1 -1
397 1 1 28 -19 1 1 1 1 -1 -1
398 1 1 25 -19 1 1 1 1 -1 -1
399 1 1 -26 16 1 1 1 1 -1 -1
400 1 1 -30 -24 1 1 1 1 -1 -1
401 1 1 26 -39 1 1 1 1 -1 -1
402 1 1 2 -35 1 1 1 1 -1 -1
403 1 1 27 -36 1 1 1 1 -1 -1
404 1 1 34 -38 1 1 1 1 -1 -1
405 1 1 44 -15 1 1 1 1 -1 -1
406 1 1 -47 28 1 1 1 1 -1 -1
407 1 1 -7 16 1 1 1 1 -1 -1
408 1 1 27 29 1 1 1 1 -1 -1
409 1 1 29 -20 1 1 1 1 -1 -1
410 1 1 -24 -13 1 1 1 1 -1 -1
411 1 1 6 25 1 1 1 1 -1 -1
412 1 1 5 -22 1 1 1 1 -1 -1
413 1 1 -37 2 1 1 1 1 -1 -1
414 1 1 35 4 1 1 1 1 -1 -1
415 1 1 -3 -42 1 1 1 1 -1 -1
416 1 1 -45 -25 1 1 1 1 -1 -1
417 1 1 -43 -42 1 1 1 1 -1 -1
418 1 1 -35 -48 1 1 1 1 -1 -1
419 1 1 5 -8 1 1 1 1 -1 -1
420 1 1 17 -8 1 1 1 1 -1 -1
421 1 1 -6 24 1 1 1 1 -1 -1
422 1 1 -17 -5 1 1 1 1 -1 -1
423 1 1 18 -41 1 1 1 1 -1 -1
424 1 1 -47 -21 1 1 1 1 -1 -1
425 1 1 -32 -36 1 1 1 1 -1 -1
426 1 1 -18 5 1 1 1 1 -1 -1
427 1 1 4 41 1 1 1 1 -1 -1
428 1 1 -30 -20 1 1 1 1 -1 -1
429 1 1 -21 -27 1 1 1 1 -1 -1
430 1 1 -40 39 1 1 1 1 -1 -1
431 1 1 48 32 1 1 1 1 -1 -1
432 1 1 -24 -7 1 1 1 1 -1 -1
433 1 1 -32 19 1 1 1 1 -1 -1
434 1 1 -8 -3 1 1 1 1 -1 -1
435 1 1 3 -38 1 1 1 1 -1 -1
436 1 1 49 28 1 1 1 1 -1 -1
437 1 1 -19 -1 1 1 1 1 -1 -1
438 1 1 41 45 1 1 1 1 -1 -1
439 1 1 28 12 1 1 1 1 -1 -1
440 1 1 32 -5 1 1 1 1 -1 -1
441 1 1 -34 -18 1 1 1 1 -1 -1
442 1 1 -9 25 1 1 1 1 -1 -1
443 1 1 -44 -22 1 1 1 1 -1 -1
444 1 1 -22 35 1 1 1 1 -1 -1
445 1 1 20 -38 1 1 1 1 -1 -1
446 1 1 40 42 1 1 1 1 -1 -1
447 1 1 -40 10 1 1 1 1 -1 -1
448 1 1 -34 14 1 1 1 1 -1 -1
449 1 1 -6 -21 1 1 1 1 -1 -1
450 2 1 -6 -34 1 1 1 1 -1 -1
451 2 1 -19 -35 1 1 1 1 -1 -1
452 2 1 -27 20 1 1 1 1 -1 -1
453 2 1 28 35 1 1 1 1 -1 -1
454 2 1 25 -2 1 1 1 1 -1 -1
455 2 1 14 -5 1 1 1 1 -1 -1
456 2 1 25 -45 1 1 1 1 -1 -1
457 2 1 43 23 1 1 1 1 -1 -1
458 2 1 26 45 1 1 1 1 -1 -1
459 2 1 2 -47 1 1 1 1 -1 -1
460 2 1 43 -8 1 1 1 1 -1 -1
461 2 1 37 -23 1 1 1 1 -1 -1
462 2 1 1 -15 1 1 1 1 -1 -1
463 2 1 8 49 1 1 1 1 -1 -1
464 2 1 34 -22 1 1 1 1 -1 -1
465 2 1 -38 -48 1 1 1 1 -1 -1
466 2 1 -6 42 1 1 1 1 -1 -1
467 2 1 -44 38 1 1 1 1 -1 -1
468 2 1 4 49 1 1 1 1 -1 -1
469 2 1 46 16 1 1 1 1 -1 -1
470 2 1 -4 45 1 1 1 1 -1 -1
471 2 1 16 -42 1 1 1 1 -1 -1
472 2 1 6 -18 1 1 1 1 -1 -1
473 2 1 -44 27 1 1 1 1 -1 -1
474 2 1 5 -11 1 1 1 1 -1 -1
475 2 1 9 23 1 1 1 1 -1 -1
476 2 1 8 40 1 1 1 1 -1 -1
477 2 1 -43 -34 1 1 1 1 -1 -1
478 2 1 -17 24 1 1 1 1 -1 -1
479 2 1 -14 -20 1 1 1 1 -1 -1
480 2 1 39 -47 1 1 1 1 -1 -1
481 2 1 -12 26 1 1 1 1 -1 -1
482 2 1 -32 44 1 1 1 1 -1 -1
483 2 1 0 -16 1 1 1 1 -1 -1
484 2 1 1 -22 1 1 1 1 -1 -1
485 2 1 -21 -35 1 1 1 1 -1 -1
486 2 1 48 34 1 1 1 1 -1 -1
487 2 1 -48 -40 1 1 1 1 -1 -1
488 2 1 33 40 1 1 1 1 -1 -1
489 2 1 28 -16 1 1 1 1 -1 -1
490 2 1 14 43 1 1 1 1 -1 -1
491 2 1 47 -28 1 1 1 1 -1 -1
492 2 1 8 -17 1 1 1 1 -1 -1
493 2 1 -47 47 1 1 1 1 -1 -1
494 2 1 -47 12 1 1 1 1 -1 -1
495 2 1 -22 -28 1 1 1 1 -1 -1
496 2 1 -7 23 1 1 1 1 -1 -1
497 2 1 3 36 1 1 1 1 -1 -1
498 2 1 -49 12 1 1 1 1 -1 -1
499 2 1 -20 19 1 1 1 1 -1 -1
500 3 1 -22 48 1 1 1 1 -1 0
501 3 1 3 20 1 1 1 1 -1 0
502 3 1 -14 -34 1 1 1 1 -1 0
503 3 1 5 29 1 1 1 1 -1 11
504 3 1 -46 46 1 1 1 1 -1 11
505 3 1 14 -26 1 1 1 1 -1 11
506 3 1 -10 17 1 1 1 1 -1 11
507 3 1 -46 30 1 1 1 1 -1 11
508 3 1 22 -18 1 1 1 1 -1 11
509 3 1 -20 36 1 1 1 1 -1 11
510 3 1 34 46 1 1 1 1 -1 11
511 3 1 47 -27 1 1 1 1 -1 11
512 3 1 -18 -27 1 1 1 1 -1 11
513 3 1 6 1 1 1 1 1 -1 11
514 3 1 -6 26 1 1 1 1 -1 11
515 3 1 -45 -19 1 1 1 1 -1 11
516 3 1 34 -46 1 1 1 1 -1 11
517 3 1 -20 31 1 1 1 1 -1 11
518 3 1 -46 -34 1 1 1 1 -1 11
519 3 1 -40 12 1 1 1 1 -1 11
520 3 1 -44 -43 1 1 1 1 -1 11
521 3 1 22 -17 1 1 1 1 -1 11
522 3 1 -31 -45 1 1 1 1 -1 11
523 3 1 23 8 1 1 1 1 -1 11
524 3 1 28 -47 1 1 1 1 -1 11
525 3 1 -4 47 1 1 1 1 -1 11
526 3 1 -12 2 1 1 1 1 -1 11
527 3 1 -37 16 1 1 1 1 -1 11
528 3 1 36 -40 1 1 1 1 -1 11
529 3 1 -1 -22 1 1 1 1 -1 1
530 3 1 -16 -29 1 1 1 1 -1 2
531 3 1 -18 26 1 1 1 1 -1 3
532 3 1 -36 30 1 1 1 1 -1 4
533 3 1 33 4 1 1 1 1 -1 5
534 3 1 -35 -27 1 1 1 1 -1 6
535 3 1 -3 5 1 1 1 1 0 7
536 3 1 1 -6 1 1 1 1 0 8
537 3 1 6 3 1 1 1 1 0 11
538 3 1 5 -6 1 1 1 1 0 11
539 3 1 -5 6 1 1 1 1 0 11
540 3 1 -1 8 1 1 1 1 6 9
541 3 1 -4 -7 1 1 1 1 6 11
542 3 1 -8 5 1 1 1 1 6 11
543 3 1 -7 8 1 1 1 1 6 11
544 3 1 -8 -1 1 1 1 1 6 11
545 3 1 2 4 1 1 1 1 12 10
546 3 1 4 -3 1 1 1 1 12 11
547 3 1 -2 1 1 1 1 1 12 11
548 3 1 5 -4 1 1 1 1 12 11
549 3 1 6 5 1 1 1 1 12 11
550 4 1 19 41 1 1 1 1 -1 -1
551 4 1 3 -7 1 1 1 1 -1 -1
552 4 1 -1 8 1 1 1 1 -1 -1
553 4 1 3 2 1 1 1 1 -1 -1
554 4 1 3 -1 1 1 1 1 -1 -1
555 5 1 -3 7 2 2 1 1 0 -1
556 5 1 -6 -4 2 2 1 1 0 -1
557 5 1 4 -3 2 2 1 1 0 -1
558 5 1 8 5 2 2 1 1 0 -1
559 5 1 8 2 2 2 1 1 0 -1
560 5 1 4 -8 2 2 1 1 0 -1
561 5 1 -2 2 2 2 1 1 0 -1
562 5 1 4 6 2 2 1 1 0 -1
563 5 1 2 -5 2 2 1 1 0 -1
564 5 1 -8 1 2 2 1 1 0 -1
565 5 1 3 7 2 2 1 1 6 -1
566 5 1 7 0 2 2 1 1 6 -1
567 5 1 -4 -8 2 2 1 1 6 -1
568 5 1 3 -2 2 2 1 1 6 -1
569 5 1 -3 0 2 2 1 1 6 -1
570 5 1 1 7 2 2 1 1 6 -1
571 5 1 3 -4 2 2 1 1 6 -1
572 5 1 -6 7 2 2 1 1 6 -1
573 5 1 0 1 2 2 1 1 6 -1
574 5 1 -2 -2 2 2 1 1 6 -1
575 5 1 8 -2 2 2 1 1 12 -1
576 5 1 0 3 2 2 1 1 12 -1
577 5 1 -8 -6 2 2 1 1 12 -1
578 5 1 1 0 2 2 1 1 12 -1
579 5 1 5 -8 2 2 1 1 12 -1
580 5 1 -8 4 2 2 1 1 12 -1
581 5 1 -5 -2 2 2 1 1 12 -1
582 5 1 -5 -6 2 2 1 1 12 -1
583 5 1 -8 3 2 2 1 1 12 -1
584 5 1 -6 -5 2 2 1 1 12 -1
585 6 1 8 -1 1 1 1 1 0 -1
586 6 1 0 5 1 1 1 1 0 -1
587 6 1 -8 -5 1 1 1 1 0 -1
588 6 1 1 -7 1 1 1 1 0 -1
589 6 1 1 0 1 1 1 1 0 -1
590 6 1 -1 1 1 1 1 1 6 -1
591 6 1 -2 -7 1 1 1 1 6 -1
592 6 1 -3 4 1 1 1 1 6 -1
593 6 1 8 6 1 1 1 1 6 -1
594 6 1 4 5 1 1 1 1 6 -1
595 6 1 -6 1 1 1 1 1 12 -1
596 6 1 -1 6 1 1 1 1 12 -1
597 6 1 5 -1 1 1 1 1 12 -1
598 6 1 6 -4 1 1 1 1 12 -1
599 6 1 -2 -3 1 1 1 1 12 -1
600 7 1 -7 -2 3 3 3 1 0 -1
601 7 1 -5 -8 3 3 3 1 0 -1
602 7 1 -1 -1 3 3 3 1 6 -1
603 7 1 -6 -6 3 3 3 1 6 -1
604 7 1 -4 -6 3 3 3 1 12 -1
605 7 1 -1 4 3 3 3 1 12 -1
606 8 1 -4 7 2 2 1 1 0 -1
607 8 1 3 -7 2 2 1 1 0 -1
608 8 1 -2 7 2 2 1 1 0 -1
609 8 1 7 7 2 2 1 1 6 -1
610 8 1 -5 3 2 2 1 1 6 -1
611 8 1 -3 1 2 2 1 1 6 -1
612 8 1 -1 -7 2 2 1 1 12 -1
613 8 1 -4 -4 2 2 1 1 12 -1
614 8 1 -7 3 2 2 1 1 12 -1
615 9 1 -2 -3 1 1 1 1 0 -1
616 9 1 -8 -8 1 1 1 1 6 -1
617 9 1 -7 2 1 1 1 1 12 -1
618 11 1 3 0 1 1 1 1 0 -1
619 11 1 1 -2 1 1 1 1 6 -1
620 11 1 5 6 1 1 1 1 12 -1
621 13 1 7 -5 1 1 1 1 0 -1
622 13 1 6 -6 1 1 1 1 6 -1
623 13 1 -1 0 1 1 1 1 12 -1
624 15 1 1 5 1 1 1 1 0 -1
625 15 1 6 -5 1 1 1 1 6 -1
626 15 1 2 2 1 1 1 1 12 -1
627 17 0 7 -4 1 1 1 1 0 -1
628 17 0 -4 -5 1 1 1 1 0 -1
629 17 0 -4 -7 1 1 1 1 0 -1
630 17 0 -8 7 1 1 1 1 0 -1
631 17 0 -2 -1 1 1 1 1 0 -1
632 17 0 -5 -1 1 1 1 1 0 -1
633 17 0 -2 1 1 1 1 1 0 -1
634 17 0 -1 -5 1 1 1 1 0 -1
635 17 0 0 0 1 1 1 1 0 -1
636 17 0 7 -6 1 1 1 1 0 -1
637 17 0 2 -1 1 1 1 1 6 -1
638 17 0 1 -3 1 1 1 1 6 -1
639 17 0 -7 0 1 1 1 1 6 -1
640 17 0 6 -2 1 1 1 1 6 -1
641 17 0 -2 5 1 1 1 1 6 -1
642 17 0 3 0 1 1 1 1 6 -1
643 17 0 7 -4 1 1 1 1 6 -1
644 17 0 2 -7 1 1 1 1 6 -1
645 17 0 -8 8 1 1 1 1 6 -1
646 17 0 7 -8 1 1 1 1 6 -1
647 17 0 3 8 1 1 1 1 12 -1
648 17 0 3 4 1 1 1 1 12 -1
649 17 0 -5 6 1 1 1 1 12 -1
650 17 0 -1 7 1 1 1 1 12 -1
651 17 0 -8 -2 1 1 1 1 12 -1
652 17 0 7 -7 1 1 1 1 12 -1
653 17 0 7 7 1 1 1 1 12 -1
654 17 0 -6 -6 1 1 1 1 12 -1
655 17 0 -7 -3 1 1 1 1 12 -1
656 17 0 3 -1 1 1 1 1 12 -1
657 18 1 -3 1 1 1 1 1 2 -1
658 18 1 -3 1 1 1 1 1 8 -1
659 18 1 -3 1 1 1 1 1 14 -1
660 19 1 -2 0 1 1 1 1 1 -1
661 19 1 -2 0 1 1 1 1 7 -1
662 19 1 -2 0 1 1 1 1 13 -1
663 19 1 -2 0 1 1 1 1 2 -1
664 19 1 -2 0 1 1 1 1 8 -1
665 19 1 -2 0 1 1 1 1 14 -1
666 19 1 -2 0 1 1 1 1 3 -1
667 19 1 -2 0 1 1 1 1 9 -1
668 19 1 -2 0 1 1 1 1 15 -1
669 19 1 -2 0 1 1 1 1 4 -1
670 19 1 -2 0 1 1 1 1 10 -1
671 19 1 -2 0 1 1 1 1 16 -1
672 19 1 -2 0 1 1 1 1 5 -1
673 19 1 -2 0 1 1 1 1 11 -1
674 19 1 -2 0 1 1 1 1 17 -1
675 20 1 -1 1 2 2 2 1 2 -1
676 20 1 -1 1 2 2 2 1 8 -1
677 20 1 -1 1 2 2 2 1 14 -1
678 20 1 1 1 2 2 2 1 2 -1
679 20 1 1 1 2 2 2 1 8 -1
680 20 1 1 1 2 2 2 1 14 -1
681 21 1 -3 1 1 1 1 1 1 -1
682 21 1 -3 1 1 1 1 1 7 -1
683 21 1 -3 1 1 1 1 1 13 -1
684 22 1 0 0 1 1 1 1 1 -1
685 22 1 0 0 1 1 1 1 7 -1
686 22 1 0 0 1 1 1 1 13 -1
687 23 1 1 1 1 1 1 1 1 -1
688 23 1 1 1 1 1 1 1 7 -1
689 23 1 1 1 1 1 1 1 13 -1
690 23 1 2 0 1 1 1 1 2 -1
691 23 1 2 0 1 1 1 1 8 -1
692 23 1 2 0 1 1 1 1 14 -1
693 24 1 2 2 1 1 1 1 1 -1
694 24 1 2 2 1 1 1 1 7 -1
695 24 1 2 2 1 1 1 1 13 -1
696 25 1 -3 1 1 1 1 1 3 -1
697 25 1 -3 1 1 1 1 1 9 -1
698 25 1 -3 1 1 1 1 1 15 -1
699 25 1 -3 1 1 1 1 1 4 -1
700 25 1 -3 1 1 1 1 1 10 -1
701 25 1 -3 1 1 1 1 1 16 -1
702 25 1 -3 1 1 1 1 1 5 -1
703 25 1 -3 1 1 1 1 1 11 -1
704 25 1 -3 1 1 1 1 1 17 -1
705 26 1 2 2 1 1 1 1 3 -1
706 26 1 2 2 1 1 1 1 9 -1
707 26 1 2 2 1 1 1 1 15 -1
708 26 1 2 2 1 1 1 1 4 -1
709 26 1 2 2 1 1 1 1 10 -1
710 26 1 2 2 1 1 1 1 16 -1
711 27 1 0 -1 1 1 1 1 3 -1
712 27 1 0 -1 1 1 1 1 9 -1
713 27 1 0 -1 1 1 1 1 15 -1
714 28 1 0 0 1 1 1 1 3 -1
715 28 1 0 0 1 1 1 1 9 -1
716 28 1 0 0 1 1 1 1 15 -1
717 29 1 0 1 1 1 1 1 3 -1
718 29 1 0 1 1 1 1 1 9 -1
719 29 1 0 1 1 1 1 1 15 -1
720 30 1 0 2 1 1 1 1 3 -1
721 30 1 0 2 1 1 1 1 9 -1
722 30 1 0 2 1 1 1 1 15 -1
723 31 1 0 0 1 1 1 1 4 -1
724 31 1 0 0 1 1 1 1 10 -1
725 31 1 0 0 1 1 1 1 16 -1
726 32 1 0 1 1 1 1 1 4 -1
727 32 1 0 1 1 1 1 1 10 -1
728 32 1 0 1 1 1 1 1 16 -1
729 33 1 0 2 1 1 1 1 4 -1
730 33 1 0 2 1 1 1 1 10 -1
731 33 1 0 2 1 1 1 1 16 -1
732 34 1 2 2 1 1 1 1 5 -1
733 34 1 2 2 1 1 1 1 11 -1
734 34 1 2 2 1 1 1 1 17 -1
735 35 1 0 -1 1 1 1 1 5 -1
736 35 1 0 -1 1 1 1 1 11 -1
737 35 1 0 -1 1 1 1 1 17 -1
738 36 1 0 0 1 1 1 1 5 -1
739 36 1 0 0 1 1 1 1 11 -1
740 36 1 0 0 1 1 1 1 17 -1
741 37 1 0 1 1 1 1 1 5 -1
742 37 1 0 1 1 1 1 1 11 -1
743 37 1 0 1 1 1 1 1 17 -1
744 38 1 0 2 1 1 1 1 5 -1
745 38 1 0 2 1 1 1 1 11 -1
746 38 1 0 2 1 1 1 1 17 -1
